0 0 0 0 0
1 0 0 0 0
2 0.320339 756 0.320339 756
3 0.709322 1674 0.709322 1674
4 1.13475 2678 1.12754 2661
5 1.50085 3542 1.48008 3493
6 1.85085 4368 1.80339 4256
7 2.12881 5024 2.0339 4800
8 2.38983 5640 2.27203 5362
9 2.70169 6376 2.56229 6047
10 3.50678 8276 3.30932 7810
11 3.8161 9006 3.58983 8472
12 4.52119 10670 4.2161 9950
13 4.62966 10926 4.3089 10169
14 4.85847 11466 4.49831 10616
15 4.20424 9922 3.85254 9092
16 6.4822 15298 5.93898 14016
17 6.25339 14758 5.73729 13540
18 6.71695 15852 6.07966 14348
19 5.51356 13012 5.06653 11957
20 7.22458 17050 6.53898 15432
21 9.18729 21682 8.25297 19477
22 8.76271 20680 7.88347 18605
23 8.82288 20822 7.9339 18724
24 9.23814 21802 8.26949 19516
25 9.08051 21430 8.06992 19045
26 9.91271 23394 8.82585 20829
27 10.9458 25832 9.69746 22886
28 10.6059 25030 9.37627 22128
29 11.3763 26848 10.0254 23660
30 11.6763 27556 10.2386 24163
31 10.8483 25602 9.61186 22684
32 13.2093 31174 11.5 27140
33 14.2458 33620 12.2839 28990
34 13.9814 32996 12.1432 28658
35 13.878 32752 12.0297 28390
36 13.5686 32022 11.7839 27810
37 15.1703 35802 13.0148 30715
38 16.35 38586 13.9411 32901
39 16.4932 38924 14.1919 33493
40 13.3356 31472 11.5928 27359
41 14.0551 33170 12.3729 29200
42 18.1958 42942 15.5716 36749
43 18.8898 44580 16.1038 38005
44 16.0229 37814 13.9042 32814
45 18.3373 43276 15.6127 36846
46 17.0517 40242 14.6678 34616
47 20.161 47580 17.0233 40175
48 20.3161 47946 17.2331 40670
49 19.0763 45020 16.325 38527
50 21.2975 50262 18.0767 42661
51 20.778 49036 17.6525 41660
52 20.9136 49356 17.7966 42000
53 21.9492 51800 18.4263 43486
54 21.5246 50798 18.2326 43029
55 24.2992 57346 20.3072 47925
56 18.2186 42996 15.5644 36732
57 25.2619 59618 21.0775 49743
58 24.9085 58784 20.8097 49111
59 24.9712 58932 20.8292 49157
60 23.2966 54980 19.4775 45967
61 23.5356 55544 19.7585 46630
62 25.1449 59342 21.164 49947
63 23.4788 55410 19.7644 46644
64 28.75 67850 23.9038 56413
65 27.1169 63996 22.8411 53905
66 29.778 70276 24.6517 58178
67 30.2059 71286 24.9051 58776
68 29.2551 69042 24.2996 57347
69 28.1788 66502 23.4949 55448
70 28.3424 66888 23.4631 55373
71 22.4822 53058 19.2131 45343
72 29.1483 68790 24.3004 57349
73 30.9085 72944 25.6157 60453
74 30.189 71246 24.8097 58551
75 31.6229 74630 26.05 61478
76 31.0034 73168 25.3852 59909
77 33.7025 79538 27.6047 65147
78 32.9585 77782 27.003 63727
79 32.6627 77084 26.9903 63697
80 35.2661 83228 28.9386 68295
81 33.4254 78884 27.5966 65128
82 31.1339 73476 25.8021 60893
83 34.8653 82282 28.3381 66878
84 27.3475 64540 23.2932 54972
85 37.9254 89504 30.5538 72107
86 38.4975 90854 30.9547 73053
87 36.7229 86666 29.9424 70664
88 35.2271 83136 29.0449 68546
89 38.3347 90470 31.0411 73257
90 36.7246 86670 30.3148 71543
91 37.2059 87806 30.5716 72149
92 39.7424 93792 32.1788 75942
93 35.3754 83486 29.139 68768
94 41.1619 97142 33.2581 78489
95 42.5254 100360 34.2309 80785
96 42.3288 99896 34.1801 80665
97 42.9203 101292 34.7559 82024
98 30.4373 71832 25.8415 60986
99 36.2602 85574 29.8606 70471
100 42.0178 99162 33.8686 79930
101 44.928 106030 35.7792 84439
102 36.8602 86990 30.6068 72232
103 44.4483 104898 35.5602 83922
104 46.7703 110378 37.3597 88169
105 45.9085 108344 37.0513 87441
106 42.8 101008 34.6513 81777
107 42.0831 99316 34.4767 81365
108 45.5517 107502 36.4182 85947
109 45.0712 106368 36.0822 85154
110 44.6864 105460 36.2576 85568
111 49.8415 117626 39.2826 92707
112 49.3695 116512 39.475 93161
113 49.6347 117138 39.5292 93289
114 49.3373 116436 39.436 93069
115 44.6424 105356 36.1839 85394
116 39.0517 92162 31.989 75494
117 52.4661 123820 41.3381 97558
118 46.5797 109928 37.7326 89049
119 51.1093 120618 40.5712 95748
120 51.9881 122692 41.1746 97172
121 40.0466 94510 33.5907 79274
122 51.5542 121668 41.4496 97821
123 49.5941 117042 40.9987 96757
124 53.3771 125970 42.511 100326
125 53.2441 125656 42.2847 99792
126 47.4449 111970 39.3263 92810
127 33.5398 79154 30.3275 71573
128 56.1297 132466 44.7153 105528
129 27.7051 65384 26.725 63071
130 38.6534 91222 34.1839 80674
131 40.9941 96746 35.847 84599
132 30.072 70970 28.9979 68435
133 47.2576 111528 39.5322 93296
134 61.3839 144866 47.5792 112287
135 44.8975 105958 38.3445 90493
136 32.0424 75620 29.9322 70640
137 33.0949 78104 29.9725 70735
138 34.0407 80336 30.8492 72804
139 35.0407 82696 30.8492 72804
140 36.0407 85056 30.8492 72804
141 37.0407 87416 30.8492 72804
142 38.0407 89776 30.8492 72804
143 39.0407 92136 30.8492 72804
144 43.2949 102176 33.3606 78731
145 40.972 96694 31.7237 74868
146 41.972 99054 31.7237 74868
147 42.972 101414 31.7237 74868
148 43.972 103774 31.7237 74868
149 44.972 106134 31.7237 74868
150 45.972 108494 31.7237 74868
151 46.5424 109840 38.1216 89967
152 47.4466 111974 32.1292 75825
153 48.2432 113854 32.9038 77653
154 49.2432 116214 32.9038 77653
155 50.2432 118574 32.9038 77653
156 51.2432 120934 32.9038 77653
157 52.2432 123294 32.9038 77653
158 53.2432 125654 32.9038 77653
159 54.2432 128014 32.9038 77653
160 55.2432 130374 32.9038 77653
161 56.2432 132734 32.9038 77653
162 57.2432 135094 32.9038 77653
163 58.4059 137838 33.1831 78312
164 59.2263 139774 33.8119 79796
165 60.2263 142134 33.8119 79796
166 61.2263 144494 33.8119 79796
167 62.2424 146892 40.9619 96670
168 62.8534 148334 34.4182 81227
169 63.8534 150694 34.4182 81227
170 64.8534 153054 34.4182 81227
171 65.8534 155414 34.4182 81227
172 66.8534 157774 34.4182 81227
173 67.8534 160134 34.4182 81227
174 68.8534 162494 34.4182 81227
175 69.8534 164854 34.4182 81227
176 70.8534 167214 34.4182 81227
177 71.8534 169574 34.4182 81227
178 72.8534 171934 34.4182 81227
179 73.8534 174294 34.4182 81227
180 74.8534 176654 34.4182 81227
181 75.1517 177358 36.5691 86303
182 76.728 181078 35.2453 83179
183 77.728 183438 35.2453 83179
184 78.728 185798 35.2453 83179
185 79.728 188158 35.2453 83179
186 80.728 190518 35.2453 83179
187 81.728 192878 35.2453 83179
188 82.728 195238 35.2453 83179
189 83.728 197598 35.2453 83179
190 84.728 199958 35.2453 83179
191 85.728 202318 35.2453 83179
192 86.728 204678 35.2453 83179
193 87.728 207038 35.2453 83179
194 88.728 209398 35.2453 83179
195 54.6373 128944 39.8242 93985
196 90.0729 212572 35.5746 83956
197 91.0729 214932 35.5746 83956
198 92.0729 217292 35.5746 83956
199 93.0729 219652 35.5746 83956
200 94.0729 222012 35.5746 83956
201 95.0729 224372 35.5746 83956
202 96.0729 226732 35.5746 83956
203 97.0729 229092 35.5746 83956
204 98.0729 231452 35.5746 83956
205 99.0729 233812 35.5746 83956
206 100.073 236172 35.5746 83956
207 101.073 238532 35.5746 83956
208 102.073 240892 35.5746 83956
209 103.073 243252 35.5746 83956
210 104.073 245612 35.5746 83956
211 105.073 247972 35.5746 83956
212 105.966 250080 35.8131 84519
213 107.065 252674 36.4559 86036
214 108.065 255034 36.4559 86036
215 109.065 257394 36.4559 86036
216 109.352 258070 37.3369 88115
217 111.037 262048 37.3428 88129
218 112.037 264408 37.3428 88129
219 113.037 266768 37.3428 88129
220 114.037 269128 37.3428 88129
221 115.037 271488 37.3428 88129
222 115.91 273548 37.4733 88437
223 117.033 276198 38.2305 90224
224 118.033 278558 38.2305 90224
225 119.033 280918 38.2305 90224
226 120.033 283278 38.2305 90224
227 121.033 285638 38.2305 90224
228 122.033 287998 38.2305 90224
229 123.033 290358 38.2305 90224
230 124.033 292718 38.2305 90224
231 125.033 295078 38.2305 90224
232 126.033 297438 38.2305 90224
233 127.033 299798 38.2305 90224
234 128.033 302158 38.2305 90224
235 129.033 304518 38.2305 90224
236 130.033 306878 38.2305 90224
237 131.033 309238 38.2305 90224
238 132.033 311598 38.2305 90224
239 133.033 313958 38.2305 90224
240 134.033 316318 38.2305 90224
241 135.033 318678 38.2305 90224
242 136.033 321038 38.2305 90224
243 137.033 323398 38.2305 90224
244 138.033 325758 38.2305 90224
245 139.033 328118 38.2305 90224
246 140.033 330478 38.2305 90224
247 141.033 332838 38.2305 90224
248 142.033 335198 38.2305 90224
249 143.033 337558 38.2305 90224
250 144.033 339918 38.2305 90224
251 145.033 342278 38.2305 90224
252 146.033 344638 38.2305 90224
253 147.033 346998 38.2305 90224
254 148.033 349358 38.2305 90224
255 149.033 351718 38.2305 90224
256 150.033 354078 38.2305 90224
257 151.033 356438 38.2305 90224
258 118.914 280636 41.8953 98873
259 152.69 360348 38.85 91686
260 153.69 362708 38.85 91686
261 154.69 365068 38.85 91686
262 155.69 367428 38.85 91686
263 156.69 369788 38.85 91686
264 157.69 372148 38.85 91686
265 158.69 374508 38.85 91686
266 159.69 376868 38.85 91686
267 160.69 379228 38.85 91686
268 161.69 381588 38.85 91686
269 162.69 383948 38.85 91686
270 163.69 386308 38.85 91686
271 164.417 388024 38.9275 91869
272 165.686 391020 39.7466 93802
273 166.686 393380 39.7466 93802
274 167.686 395740 39.7466 93802
275 168.686 398100 39.7466 93802
276 169.686 400460 39.7466 93802
277 170.686 402820 39.7466 93802
278 171.686 405180 39.7466 93802
279 172.686 407540 39.7466 93802
280 173.686 409900 39.7466 93802
281 174.686 412260 39.7466 93802
282 175.686 414620 39.7466 93802
283 176.686 416980 39.7466 93802
284 177.686 419340 39.7466 93802
285 178.686 421700 39.7466 93802
286 179.686 424060 39.7466 93802
287 180.686 426420 39.7466 93802
288 181.686 428780 39.7466 93802
289 182.686 431140 39.7466 93802
290 183.686 433500 39.7466 93802
291 184.686 435860 39.7466 93802
292 185.686 438220 39.7466 93802
293 186.686 440580 39.7466 93802
294 187.686 442940 39.7466 93802
295 188.686 445300 39.7466 93802
296 189.686 447660 39.7466 93802
297 190.686 450020 39.7466 93802
298 191.686 452380 39.7466 93802
299 192.686 454740 39.7466 93802
300 193.686 457100 39.7466 93802
301 194.686 459460 39.7466 93802
302 195.686 461820 39.7466 93802
303 196.686 464180 39.7466 93802
304 197.686 466540 39.7466 93802
305 198.686 468900 39.7466 93802
306 199.686 471260 39.7466 93802
307 46.5305 109812 39.9924 94382
308 200.757 473786 39.8102 93952
309 201.757 476146 39.8102 93952
310 202.757 478506 39.8102 93952
311 203.757 480866 39.8102 93952
312 204.757 483226 39.8102 93952
313 205.757 485586 39.8102 93952
314 206.757 487946 39.8102 93952
315 207.757 490306 39.8102 93952
316 208.757 492666 39.8102 93952
317 209.757 495026 39.8102 93952
318 210.757 497386 39.8102 93952
319 211.757 499746 39.8102 93952
320 212.757 502106 39.8102 93952
321 213.757 504466 39.8102 93952
322 214.757 506826 39.8102 93952
323 215.757 509186 39.8102 93952
324 216.757 511546 39.8102 93952
325 217.757 513906 39.8102 93952
326 218.757 516266 39.8102 93952
327 219.757 518626 39.8102 93952
328 220.757 520986 39.8102 93952
329 221.757 523346 39.8102 93952
330 222.757 525706 39.8102 93952
331 223.757 528066 39.8102 93952
332 224.757 530426 39.8102 93952
333 225.757 532786 39.8102 93952
334 226.757 535146 39.8102 93952
335 227.757 537506 39.8102 93952
336 228.757 539866 39.8102 93952
337 229.757 542226 39.8102 93952
338 230.757 544586 39.8102 93952
339 231.757 546946 39.8102 93952
340 232.757 549306 39.8102 93952
341 233.757 551666 39.8102 93952
342 234.757 554026 39.8102 93952
343 235.757 556386 39.8102 93952
344 236.757 558746 39.8102 93952
345 237.757 561106 39.8102 93952
346 238.757 563466 39.8102 93952
347 239.645 565562 39.8352 94011
348 240.756 568184 40.6767 95997
349 241.756 570544 40.6767 95997
350 242.756 572904 40.6767 95997
351 243.756 575264 40.6767 95997
352 244.756 577624 40.6767 95997
353 245.756 579984 40.6767 95997
354 246.756 582344 40.6767 95997
355 247.756 584704 40.6767 95997
356 248.756 587064 40.6767 95997
357 249.756 589424 40.6767 95997
358 250.756 591784 40.6767 95997
359 251.756 594144 40.6767 95997
360 252.756 596504 40.6767 95997
361 253.756 598864 40.6767 95997
362 254.756 601224 40.6767 95997
363 255.756 603584 40.6767 95997
364 256.756 605944 40.6767 95997
365 257.756 608304 40.6767 95997
366 258.756 610664 40.6767 95997
367 259.756 613024 40.6767 95997
368 260.756 615384 40.6767 95997
369 261.756 617744 40.6767 95997
370 262.756 620104 40.6767 95997
371 263.756 622464 40.6767 95997
372 264.756 624824 40.6767 95997
373 265.756 627184 40.6767 95997
374 266.756 629544 40.6767 95997
375 267.756 631904 40.6767 95997
376 268.756 634264 40.6767 95997
377 269.756 636624 40.6767 95997
378 270.756 638984 40.6767 95997
379 271.756 641344 40.6767 95997
380 272.756 643704 40.6767 95997
381 273.756 646064 40.6767 95997
382 274.756 648424 40.6767 95997
383 275.756 650784 40.6767 95997
384 276.756 653144 40.6767 95997
385 277.756 655504 40.6767 95997
386 278.756 657864 40.6767 95997
387 279.756 660224 40.6767 95997
388 280.756 662584 40.6767 95997
389 281.756 664944 40.6767 95997
390 282.756 667304 40.6767 95997
391 283.756 669664 40.6767 95997
392 284.756 672024 40.6767 95997
393 270.314 637940 41.3483 97582
394 286.686 676580 41.5309 98013
395 287.686 678940 41.5309 98013
396 288.686 681300 41.5309 98013
397 289.686 683660 41.5309 98013
398 290.686 686020 41.5309 98013
399 291.686 688380 41.5309 98013
400 292.686 690740 41.5309 98013
401 293.686 693100 41.5309 98013
402 294.686 695460 41.5309 98013
403 295.686 697820 41.5309 98013
404 296.686 700180 41.5309 98013
405 297.686 702540 41.5309 98013
406 298.686 704900 41.5309 98013
407 299.686 707260 41.5309 98013
408 300.686 709620 41.5309 98013
409 301.686 711980 41.5309 98013
410 302.686 714340 41.5309 98013
411 303.686 716700 41.5309 98013
412 304.686 719060 41.5309 98013
413 305.686 721420 41.5309 98013
414 301.577 711722 42.2792 99779
415 307.663 726084 42.3979 100059
416 308.663 728444 42.3979 100059
417 309.663 730804 42.3979 100059
418 310.663 733164 42.3979 100059
419 311.663 735524 42.3979 100059
420 312.663 737884 42.3979 100059
421 313.663 740244 42.3979 100059
422 314.663 742604 42.3979 100059
423 315.663 744964 42.3979 100059
424 316.663 747324 42.3979 100059
425 317.663 749684 42.3979 100059
426 318.663 752044 42.3979 100059
427 319.663 754404 42.3979 100059
428 320.663 756764 42.3979 100059
429 321.663 759124 42.3979 100059
430 322.663 761484 42.3979 100059
431 323.663 763844 42.3979 100059
432 324.663 766204 42.3979 100059
433 325.663 768564 42.3979 100059
434 326.663 770924 42.3979 100059
435 327.663 773284 42.3979 100059
436 328.663 775644 42.3979 100059
437 329.663 778004 42.3979 100059
438 330.663 780364 42.3979 100059
439 331.663 782724 42.3979 100059
440 332.663 785084 42.3979 100059
441 333.663 787444 42.3979 100059
442 334.663 789804 42.3979 100059
443 335.663 792164 42.3979 100059
444 336.663 794524 42.3979 100059
445 337.663 796884 42.3979 100059
446 338.663 799244 42.3979 100059
447 339.663 801604 42.3979 100059
448 340.663 803964 42.3979 100059
449 341.663 806324 42.3979 100059
450 342.663 808684 42.3979 100059
451 343.185 809916 42.422 100116
452 344.661 813400 43.2504 102071
453 345.661 815760 43.2504 102071
454 346.661 818120 43.2504 102071
455 347.661 820480 43.2504 102071
456 348.661 822840 43.2504 102071
457 349.661 825200 43.2504 102071
458 350.661 827560 43.2504 102071
459 351.661 829920 43.2504 102071
460 352.661 832280 43.2504 102071
461 353.661 834640 43.2504 102071
462 354.661 837000 43.2504 102071
463 355.661 839360 43.2504 102071
464 356.661 841720 43.2504 102071
465 357.661 844080 43.2504 102071
466 358.661 846440 43.2504 102071
467 359.661 848800 43.2504 102071
468 360.661 851160 43.2504 102071
469 361.661 853520 43.2504 102071
470 362.661 855880 43.2504 102071
471 363.661 858240 43.2504 102071
472 364.661 860600 43.2504 102071
473 365.661 862960 43.2504 102071
474 366.661 865320 43.2504 102071
475 367.661 867680 43.2504 102071
476 368.661 870040 43.2504 102071
477 369.661 872400 43.2504 102071
478 370.661 874760 43.2504 102071
479 371.661 877120 43.2504 102071
480 372.661 879480 43.2504 102071
481 373.661 881840 43.2504 102071
482 374.661 884200 43.2504 102071
483 375.661 886560 43.2504 102071
484 376.661 888920 43.2504 102071
485 377.661 891280 43.2504 102071
486 378.661 893640 43.2504 102071
487 379.661 896000 43.2504 102071
488 380.661 898360 43.2504 102071
489 381.661 900720 43.2504 102071
490 382.661 903080 43.2504 102071
491 383.661 905440 43.2504 102071
492 384.661 907800 43.2504 102071
493 385.661 910160 43.2504 102071
494 386.661 912520 43.2504 102071
495 387.661 914880 43.2504 102071
496 67.1881 158564 42.0411 99217
497 388.962 917950 43.5347 102742
498 389.962 920310 43.5347 102742
499 390.962 922670 43.5347 102742
