0 0 0 0 0
1 0 0 0 0
2 0.323383 780 0.323383 780
3 0.710614 1714 0.710614 1714
4 1.11194 2682 1.10614 2668
5 1.54146 3718 1.51866 3663
6 2.00166 4828 1.96269 4734
7 2.30348 5556 2.24046 5404
8 2.74129 6612 2.64055 6369
9 3.29685 7952 3.15008 7598
10 3.74378 9030 3.54685 8555
11 3.86318 9318 3.65713 8821
12 4.26036 10276 3.99046 9625
13 5.20149 12546 4.87313 11754
14 5.44527 13134 5.04602 12171
15 5.1194 12348 4.78524 11542
16 6.55556 15812 6.06053 14618
17 6.86816 16566 6.32794 15263
18 6.70481 16172 6.18781 14925
19 7.27944 17558 6.6791 16110
20 5.76119 13896 5.3408 12882
21 8.67413 20922 7.91128 19082
22 9.01078 21734 8.23756 19869
23 9.66998 23324 8.80017 21226
24 9.8466 23750 8.99046 21685
25 9.65672 23292 8.78524 21190
26 9.42371 22730 8.60614 20758
27 11.2852 27220 10.2608 24749
28 12.238 29518 11.0667 26693
29 10.7471 25922 9.79643 23629
30 12.3557 29802 11.1575 26912
31 11.6153 28016 10.4892 25300
32 13.859 33428 12.3711 29839
33 14.3599 34636 12.9055 31128
34 14.1493 34128 12.7351 30717
35 12.8383 30966 11.5945 27966
36 13.8541 33416 12.4701 30078
37 16.1816 39030 14.4826 34932
38 16.7687 40446 14.9461 36050
39 16.3665 39476 14.6833 35416
40 16.1667 38994 14.4876 34944
41 16.6833 40240 14.8561 35833
42 18.6194 44910 16.4071 39574
43 15.8566 38246 14.1231 34065
44 18.6136 44896 16.5332 39878
45 15.039 36274 13.5423 32664
46 20.1343 48564 17.6895 42667
47 19.7786 47706 17.522 42263
48 20.4519 49330 18.0427 43519
49 21.2023 51140 18.6944 45091
50 22.1111 53332 19.4975 47028
51 21.296 51366 18.7214 45156
52 21.4279 51684 18.8657 45504
53 22.7114 54780 19.8553 47891
54 23.2496 56078 20.3897 49180
55 23.9826 57846 20.9913 50631
56 22.6493 54630 20.0829 48440
57 23.9345 57730 21.0203 50701
58 21.0655 50810 18.6053 44876
59 26.4038 63686 22.9631 55387
60 26.5066 63934 23.131 55792
61 25.0738 60478 21.9125 52853
62 24.1111 58156 21.2728 51310
63 27.126 65428 23.6012 56926
64 28.3234 68316 24.4573 58991
65 27.0655 65282 23.4718 56614
66 28.7653 69382 24.8719 59991
67 20.5398 49542 18.1538 43787
68 30.2844 73046 26.0261 62775
69 31.4975 75972 27.2156 65644
70 26.2015 63198 23.1393 55812
71 31.7653 76618 27.1758 65548
72 31.2297 75326 27.0224 65178
73 26.097 62946 22.7939 54979
74 30.9784 74720 26.7575 64539
75 33.0738 79774 28.3342 68342
76 31.9735 77120 27.5937 66556
77 35.961 86738 30.5991 73805
78 33.4701 80730 28.8064 69481
79 33.8275 81592 29.1737 70367
80 36.1733 87250 30.8325 74368
81 34.136 82336 29.4407 71011
82 36.1998 87314 30.8412 74389
83 32.7347 78956 28.2189 68064
84 35.359 85286 30.4818 73522
85 36.9842 89206 31.5232 76034
86 34.3905 82950 29.3922 70894
87 36.8308 88836 31.3723 75670
88 39.534 95356 33.3582 80460
89 40.4237 97502 34.0929 82232
90 38.7687 93510 32.7919 79094
91 38.4851 92826 32.5626 78541
92 41.2032 99382 34.8491 84056
93 37.9328 91494 32.3503 78029
94 41.675 100520 35.1352 84746
95 39.2073 94568 33.3607 80466
96 42.5149 102546 35.7861 86316
97 43.6857 105370 36.8603 88907
98 42.7935 103218 36.4017 87801
99 39.0282 94136 33.4179 80604
100 41.0124 98922 34.9793 84370
101 45.6252 110048 38.4299 92693
102 43.9826 106086 37.1501 89606
103 44.4892 107308 37.6235 90748
104 47.8607 115440 39.8876 96209
105 36.8226 88816 31.7376 76551
106 48.2902 116476 40.2749 97143
107 48.272 116432 40.5323 97764
108 44.7371 107906 37.9519 91540
109 47.3549 114220 39.791 95976
110 44.5224 107388 37.4967 90442
111 40.9851 98856 35.039 84514
112 48.4934 116966 40.5531 97814
113 51.4701 124146 42.7442 103099
114 48.2811 116454 40.4693 97612
115 51.5498 124338 42.6327 102830
116 51.3615 123884 42.6882 102964
117 50.9345 122854 42.4399 102365
118 51.6053 124472 43.0821 103914
119 54.029 130318 45.2363 109110
120 52.1119 125694 43.4639 104835
121 56.2894 135770 46.7732 112817
122 46.801 112884 39.5597 95418
123 34.2164 82530 31.17 75182
124 31.8284 76770 29.7525 71763
125 56.8997 137242 47.5216 114622
126 50.4527 121692 42.9403 103572
127 52.835 127438 44.8607 108204
128 35.398 85380 32.784 79075
129 50.3682 121488 43.1754 104139
130 42.0158 101342 37.4486 90326
131 35.2454 85012 33.0945 79824
132 60.107 144978 49.7127 119907
133 36.5605 88184 34.3109 82758
134 37.5605 90596 34.3109 82758
135 38.5605 93008 34.3109 82758
136 39.5605 95420 34.3109 82758
137 40.5605 97832 34.3109 82758
138 41.5605 100244 34.3109 82758
139 42.5605 102656 34.3109 82758
140 43.5605 105068 34.3109 82758
141 56.3433 135900 47.039 113458
142 47.0025 113370 36.6957 88510
143 45.6559 110122 35.3333 85224
144 50.9959 123002 39.5037 95283
145 47.5033 114578 36.1294 87144
146 50.0025 120606 37.8603 91319
147 49.3856 119118 36.9486 89120
148 50.3856 121530 36.9486 89120
149 51.3856 123942 36.9486 89120
150 52.3856 126354 36.9486 89120
151 53.3856 128766 36.9486 89120
152 54.3856 131178 36.9486 89120
153 55.3856 133590 36.9486 89120
154 56.3856 136002 36.9486 89120
155 57.3856 138414 36.9486 89120
156 58.3856 140826 36.9486 89120
157 59.3856 143238 36.9486 89120
158 60.3856 145650 36.9486 89120
159 61.3856 148062 36.9486 89120
160 62.3856 150474 36.9486 89120
161 63.3856 152886 36.9486 89120
162 64.3856 155298 36.9486 89120
163 65.3856 157710 36.9486 89120
164 66.3856 160122 36.9486 89120
165 67.3856 162534 36.9486 89120
166 68.3856 164946 36.9486 89120
167 68.9279 166254 40.0224 96534
168 70.2164 169362 37.7235 90989
169 71.2164 171774 37.7235 90989
170 72.2164 174186 37.7235 90989
171 73.2164 176598 37.7235 90989
172 74.2164 179010 37.7235 90989
173 75.2164 181422 37.7235 90989
174 76.2164 183834 37.7235 90989
175 77.2164 186246 37.7235 90989
176 78.2164 188658 37.7235 90989
177 79.2164 191070 37.7235 90989
178 80.2164 193482 37.7235 90989
179 81.2164 195894 37.7235 90989
180 82.2164 198306 37.7235 90989
181 83.2164 200718 37.7235 90989
182 84.2164 203130 37.7235 90989
183 85.2164 205542 37.7235 90989
184 86.2164 207954 37.7235 90989
185 87.2164 210366 37.7235 90989
186 88.2164 212778 37.7235 90989
187 89.0108 214694 37.7193 90979
188 90.2123 217592 38.6513 93227
189 91.0978 219728 38.7475 93459
190 92.2081 222406 39.5813 95470
191 93.2081 224818 39.5813 95470
192 94.2081 227230 39.5813 95470
193 94.1169 227010 40.6571 98065
194 96.1584 231934 40.4677 97608
195 97.1584 234346 40.4677 97608
196 98.1584 236758 40.4677 97608
197 87.6882 211504 42.8984 103471
198 99.9337 241040 41.2007 99376
199 100.934 243452 41.2007 99376
200 101.934 245864 41.2007 99376
201 102.934 248276 41.2007 99376
202 103.934 250688 41.2007 99376
203 104.934 253100 41.2007 99376
204 105.934 255512 41.2007 99376
205 106.934 257924 41.2007 99376
206 107.934 260336 41.2007 99376
207 108.934 262748 41.2007 99376
208 109.934 265160 41.2007 99376
209 110.934 267572 41.2007 99376
210 111.934 269984 41.2007 99376
211 112.934 272396 41.2007 99376
212 113.934 274808 41.2007 99376
213 114.934 277220 41.2007 99376
214 115.934 279632 41.2007 99376
215 116.934 282044 41.2007 99376
216 117.934 284456 41.2007 99376
217 118.934 286868 41.2007 99376
218 119.934 289280 41.2007 99376
219 120.934 291692 41.2007 99376
220 121.934 294104 41.2007 99376
221 122.934 296516 41.2007 99376
222 123.934 298928 41.2007 99376
223 124.934 301340 41.2007 99376
224 125.934 303752 41.2007 99376
225 126.934 306164 41.2007 99376
226 127.864 308408 41.2483 99491
227 128.932 310984 42.1061 101560
228 129.932 313396 42.1061 101560
229 130.932 315808 42.1061 101560
230 131.932 318220 42.1061 101560
231 132.932 320632 42.1061 101560
232 133.932 323044 42.1061 101560
233 134.932 325456 42.1061 101560
234 135.932 327868 42.1061 101560
235 136.932 330280 42.1061 101560
236 137.932 332692 42.1061 101560
237 138.932 335104 42.1061 101560
238 139.932 337516 42.1061 101560
239 140.932 339928 42.1061 101560
240 141.932 342340 42.1061 101560
241 142.932 344752 42.1061 101560
242 143.932 347164 42.1061 101560
243 144.932 349576 42.1061 101560
244 145.932 351988 42.1061 101560
245 146.932 354400 42.1061 101560
246 147.932 356812 42.1061 101560
247 148.932 359224 42.1061 101560
248 149.932 361636 42.1061 101560
249 150.932 364048 42.1061 101560
250 151.932 366460 42.1061 101560
251 152.932 368872 42.1061 101560
252 153.932 371284 42.1061 101560
253 154.932 373696 42.1061 101560
254 155.932 376108 42.1061 101560
255 156.932 378520 42.1061 101560
256 157.932 380932 42.1061 101560
257 158.582 382500 42.211 101813
258 159.928 385746 43.0299 103788
259 160.928 388158 43.0299 103788
260 161.928 390570 43.0299 103788
261 162.928 392982 43.0299 103788
262 163.928 395394 43.0299 103788
263 164.928 397806 43.0299 103788
264 165.928 400218 43.0299 103788
265 166.928 402630 43.0299 103788
266 167.928 405042 43.0299 103788
267 168.928 407454 43.0299 103788
268 169.928 409866 43.0299 103788
269 170.928 412278 43.0299 103788
270 171.127 412758 43.3105 104465
271 172.919 417080 43.9395 105982
272 173.919 419492 43.9395 105982
273 174.919 421904 43.9395 105982
274 175.666 423706 43.9254 105948
275 176.917 426724 44.8557 108192
276 177.917 429136 44.8557 108192
277 178.917 431548 44.8557 108192
278 179.917 433960 44.8557 108192
279 180.917 436372 44.8557 108192
280 181.917 438784 44.8557 108192
281 182.917 441196 44.8557 108192
282 183.917 443608 44.8557 108192
283 184.917 446020 44.8557 108192
284 185.917 448432 44.8557 108192
285 186.917 450844 44.8557 108192
286 187.917 453256 44.8557 108192
287 188.917 455668 44.8557 108192
288 189.917 458080 44.8557 108192
289 190.917 460492 44.8557 108192
290 191.917 462904 44.8557 108192
291 192.917 465316 44.8557 108192
292 193.917 467728 44.8557 108192
293 194.917 470140 44.8557 108192
294 195.917 472552 44.8557 108192
295 196.917 474964 44.8557 108192
296 197.917 477376 44.8557 108192
297 198.917 479788 44.8557 108192
298 199.917 482200 44.8557 108192
299 200.917 484612 44.8557 108192
300 201.917 487024 44.8557 108192
301 202.917 489436 44.8557 108192
302 203.917 491848 44.8557 108192
303 204.917 494260 44.8557 108192
304 205.917 496672 44.8557 108192
305 206.917 499084 44.8557 108192
306 207.917 501496 44.8557 108192
307 208.917 503908 44.8557 108192
308 209.917 506320 44.8557 108192
309 210.917 508732 44.8557 108192
310 211.917 511144 44.8557 108192
311 212.917 513556 44.8557 108192
312 213.917 515968 44.8557 108192
313 214.917 518380 44.8557 108192
314 215.917 520792 44.8557 108192
315 216.917 523204 44.8557 108192
316 217.917 525616 44.8557 108192
317 218.917 528028 44.8557 108192
318 219.917 530440 44.8557 108192
319 220.917 532852 44.8557 108192
320 221.917 535264 44.8557 108192
321 222.917 537676 44.8557 108192
322 223.917 540088 44.8557 108192
323 224.917 542500 44.8557 108192
324 225.917 544912 44.8557 108192
325 226.917 547324 44.8557 108192
326 227.917 549736 44.8557 108192
327 228.917 552148 44.8557 108192
328 229.917 554560 44.8557 108192
329 230.917 556972 44.8557 108192
330 231.917 559384 44.8557 108192
331 232.917 561796 44.8557 108192
332 233.917 564208 44.8557 108192
333 234.917 566620 44.8557 108192
334 235.917 569032 44.8557 108192
335 236.917 571444 44.8557 108192
336 237.917 573856 44.8557 108192
337 238.917 576268 44.8557 108192
338 239.917 578680 44.8557 108192
339 240.917 581092 44.8557 108192
340 241.917 583504 44.8557 108192
341 242.917 585916 44.8557 108192
342 243.917 588328 44.8557 108192
343 244.917 590740 44.8557 108192
344 242.281 584382 45.1978 109017
345 206.764 498714 48.8964 117938
346 247.686 597418 46.4826 112116
347 248.686 599830 46.4826 112116
348 249.686 602242 46.4826 112116
349 250.686 604654 46.4826 112116
350 251.686 607066 46.4826 112116
351 252.686 609478 46.4826 112116
352 253.686 611890 46.4826 112116
353 254.686 614302 46.4826 112116
354 255.686 616714 46.4826 112116
355 256.686 619126 46.4826 112116
356 257.686 621538 46.4826 112116
357 258.686 623950 46.4826 112116
358 259.686 626362 46.4826 112116
359 260.686 628774 46.4826 112116
360 261.686 631186 46.4826 112116
361 262.686 633598 46.4826 112116
362 263.686 636010 46.4826 112116
363 264.686 638422 46.4826 112116
364 265.686 640834 46.4826 112116
365 266.686 643246 46.4826 112116
366 267.686 645658 46.4826 112116
367 268.686 648070 46.4826 112116
368 269.686 650482 46.4826 112116
369 270.686 652894 46.4826 112116
370 271.686 655306 46.4826 112116
371 272.686 657718 46.4826 112116
372 273.686 660130 46.4826 112116
373 274.686 662542 46.4826 112116
374 275.686 664954 46.4826 112116
375 276.686 667366 46.4826 112116
376 277.686 669778 46.4826 112116
377 278.686 672190 46.4826 112116
378 279.686 674602 46.4826 112116
379 280.686 677014 46.4826 112116
380 281.686 679426 46.4826 112116
381 282.686 681838 46.4826 112116
382 283.686 684250 46.4826 112116
383 284.686 686662 46.4826 112116
384 285.686 689074 46.4826 112116
385 286.686 691486 46.4826 112116
386 287.686 693898 46.4826 112116
387 288.686 696310 46.4826 112116
388 289.686 698722 46.4826 112116
389 290.686 701134 46.4826 112116
390 291.686 703546 46.4826 112116
391 292.686 705958 46.4826 112116
392 293.686 708370 46.4826 112116
393 294.686 710782 46.4826 112116
394 295.686 713194 46.4826 112116
395 296.686 715606 46.4826 112116
396 297.686 718018 46.4826 112116
397 298.686 720430 46.4826 112116
398 299.686 722842 46.4826 112116
399 300.686 725254 46.4826 112116
400 301.686 727666 46.4826 112116
401 302.686 730078 46.4826 112116
402 303.686 732490 46.4826 112116
403 304.686 734902 46.4826 112116
404 305.686 737314 46.4826 112116
405 306.686 739726 46.4826 112116
406 307.686 742138 46.4826 112116
407 308.686 744550 46.4826 112116
408 309.686 746962 46.4826 112116
409 310.686 749374 46.4826 112116
410 311.686 751786 46.4826 112116
411 312.686 754198 46.4826 112116
412 313.686 756610 46.4826 112116
413 314.686 759022 46.4826 112116
414 315.686 761434 46.4826 112116
415 316.686 763846 46.4826 112116
416 317.686 766258 46.4826 112116
417 318.686 768670 46.4826 112116
418 319.686 771082 46.4826 112116
419 320.686 773494 46.4826 112116
420 321.686 775906 46.4826 112116
421 322.686 778318 46.4826 112116
422 323.686 780730 46.4826 112116
423 324.686 783142 46.4826 112116
424 325.686 785554 46.4826 112116
425 326.686 787966 46.4826 112116
426 327.686 790378 46.4826 112116
427 328.686 792790 46.4826 112116
428 329.686 795202 46.4826 112116
429 330.686 797614 46.4826 112116
430 331.686 800026 46.4826 112116
431 332.686 802438 46.4826 112116
432 333.686 804850 46.4826 112116
433 334.686 807262 46.4826 112116
434 335.686 809674 46.4826 112116
435 336.686 812086 46.4826 112116
436 337.686 814498 46.4826 112116
437 338.686 816910 46.4826 112116
438 339.686 819322 46.4826 112116
439 340.686 821734 46.4826 112116
440 341.686 824146 46.4826 112116
441 342.686 826558 46.4826 112116
442 343.686 828970 46.4826 112116
443 344.686 831382 46.4826 112116
444 345.686 833794 46.4826 112116
445 346.686 836206 46.4826 112116
446 347.686 838618 46.4826 112116
447 348.686 841030 46.4826 112116
448 349.686 843442 46.4826 112116
449 350.686 845854 46.4826 112116
450 351.686 848266 46.4826 112116
451 352.686 850678 46.4826 112116
452 353.686 853090 46.4826 112116
453 354.686 855502 46.4826 112116
454 355.686 857914 46.4826 112116
455 356.686 860326 46.4826 112116
456 357.686 862738 46.4826 112116
457 358.686 865150 46.4826 112116
458 359.686 867562 46.4826 112116
459 360.686 869974 46.4826 112116
460 361.686 872386 46.4826 112116
461 362.686 874798 46.4826 112116
462 363.686 877210 46.4826 112116
463 364.686 879622 46.4826 112116
464 365.686 882034 46.4826 112116
465 366.686 884446 46.4826 112116
466 367.686 886858 46.4826 112116
467 368.686 889270 46.4826 112116
468 369.686 891682 46.4826 112116
469 370.686 894094 46.4826 112116
470 371.686 896506 46.4826 112116
471 372.686 898918 46.4826 112116
472 373.686 901330 46.4826 112116
473 374.686 903742 46.4826 112116
474 375.686 906154 46.4826 112116
475 376.686 908566 46.4826 112116
476 377.686 910978 46.4826 112116
477 378.686 913390 46.4826 112116
478 379.686 915802 46.4826 112116
479 380.686 918214 46.4826 112116
480 381.686 920626 46.4826 112116
481 382.686 923038 46.4826 112116
482 383.686 925450 46.4826 112116
483 280.625 676868 48.8441 117812
484 385.384 929546 47.126 113668
485 386.384 931958 47.126 113668
486 387.384 934370 47.126 113668
487 388.384 936782 47.126 113668
488 389.384 939194 47.126 113668
489 390.384 941606 47.126 113668
490 391.384 944018 47.126 113668
491 339.92 819886 47.6148 114847
492 393.235 948484 47.9362 115622
493 394.235 950896 47.9362 115622
494 395.235 953308 47.9362 115622
495 396.235 955720 47.9362 115622
496 397.235 958132 47.9362 115622
497 398.235 960544 47.9362 115622
498 399.235 962956 47.9362 115622
499 400.235 965368 47.9362 115622
500 401.235 967780 47.9362 115622
501 402.235 970192 47.9362 115622
502 403.235 972604 47.9362 115622
503 404.235 975016 47.9362 115622
504 405.235 977428 47.9362 115622
505 406.235 979840 47.9362 115622
506 407.235 982252 47.9362 115622
507 408.235 984664 47.9362 115622
508 409.235 987076 47.9362 115622
509 410.235 989488 47.9362 115622
510 411.235 991900 47.9362 115622
511 412.235 994312 47.9362 115622
512 413.235 996724 47.9362 115622
513 257.995 622284 49.449 119271
514 414.841 1000596 48.5058 116996
515 415.841 1003008 48.5058 116996
516 416.841 1005420 48.5058 116996
517 417.841 1007832 48.5058 116996
518 418.841 1010244 48.5058 116996
519 419.841 1012656 48.5058 116996
520 420.841 1015068 48.5058 116996
521 421.841 1017480 48.5058 116996
522 422.841 1019892 48.5058 116996
523 423.841 1022304 48.5058 116996
524 424.841 1024716 48.5058 116996
525 425.841 1027128 48.5058 116996
526 426.841 1029540 48.5058 116996
527 427.841 1031952 48.5058 116996
528 428.841 1034364 48.5058 116996
529 429.841 1036776 48.5058 116996
530 430.841 1039188 48.5058 116996
531 431.841 1041600 48.5058 116996
532 432.841 1044012 48.5058 116996
533 433.841 1046424 48.5058 116996
534 434.841 1048836 48.5058 116996
535 435.841 1051248 48.5058 116996
536 436.841 1053660 48.5058 116996
537 437.841 1056072 48.5058 116996
538 438.841 1058484 48.5058 116996
539 439.841 1060896 48.5058 116996
540 440.841 1063308 48.5058 116996
541 441.841 1065720 48.5058 116996
542 442.841 1068132 48.5058 116996
543 443.841 1070544 48.5058 116996
544 444.841 1072956 48.5058 116996
545 445.841 1075368 48.5058 116996
546 446.841 1077780 48.5058 116996
547 447.841 1080192 48.5058 116996
548 448.841 1082604 48.5058 116996
549 449.841 1085016 48.5058 116996
550 450.841 1087428 48.5058 116996
551 451.841 1089840 48.5058 116996
552 452.841 1092252 48.5058 116996
553 443.367 1069400 48.6281 117291
554 454.815 1097014 49.3901 119129
555 455.815 1099426 49.3901 119129
556 456.815 1101838 49.3901 119129
557 457.815 1104250 49.3901 119129
558 458.815 1106662 49.3901 119129
559 459.815 1109074 49.3901 119129
560 460.815 1111486 49.3901 119129
561 461.815 1113898 49.3901 119129
562 462.815 1116310 49.3901 119129
563 463.815 1118722 49.3901 119129
564 464.815 1121134 49.3901 119129
565 465.815 1123546 49.3901 119129
566 466.815 1125958 49.3901 119129
567 467.815 1128370 49.3901 119129
568 468.815 1130782 49.3901 119129
569 469.815 1133194 49.3901 119129
570 470.815 1135606 49.3901 119129
571 471.815 1138018 49.3901 119129
572 472.815 1140430 49.3901 119129
573 473.815 1142842 49.3901 119129
574 474.815 1145254 49.3901 119129
575 475.815 1147666 49.3901 119129
576 476.815 1150078 49.3901 119129
577 477.815 1152490 49.3901 119129
578 478.815 1154902 49.3901 119129
579 479.815 1157314 49.3901 119129
580 480.815 1159726 49.3901 119129
581 481.815 1162138 49.3901 119129
582 482.815 1164550 49.3901 119129
583 483.815 1166962 49.3901 119129
584 484.815 1169374 49.3901 119129
585 485.815 1171786 49.3901 119129
586 486.815 1174198 49.3901 119129
587 487.815 1176610 49.3901 119129
588 488.815 1179022 49.3901 119129
589 489.815 1181434 49.3901 119129
590 490.815 1183846 49.3901 119129
591 491.815 1186258 49.3901 119129
592 492.815 1188670 49.3901 119129
593 493.815 1191082 49.3901 119129
594 494.815 1193494 49.3901 119129
595 495.815 1195906 49.3901 119129
596 496.815 1198318 49.3901 119129
597 497.815 1200730 49.3901 119129
598 498.815 1203142 49.3901 119129
599 499.815 1205554 49.3901 119129
600 500.815 1207966 49.3901 119129
601 501.815 1210378 49.3901 119129
602 502.815 1212790 49.3901 119129
603 503.815 1215202 49.3901 119129
604 504.815 1217614 49.3901 119129
605 505.815 1220026 49.3901 119129
606 506.815 1222438 49.3901 119129
607 507.815 1224850 49.3901 119129
608 508.815 1227262 49.3901 119129
609 509.815 1229674 49.3901 119129
610 510.815 1232086 49.3901 119129
611 511.815 1234498 49.3901 119129
612 512.815 1236910 49.3901 119129
613 513.815 1239322 49.3901 119129
614 514.815 1241734 49.3901 119129
615 515.815 1244146 49.3901 119129
616 516.815 1246558 49.3901 119129
617 517.815 1248970 49.3901 119129
618 518.815 1251382 49.3901 119129
619 483.157 1165374 50.9312 122846
620 520.736 1256016 50.24 121179
621 521.736 1258428 50.24 121179
622 522.736 1260840 50.24 121179
623 523.736 1263252 50.24 121179
624 524.736 1265664 50.24 121179
625 525.736 1268076 50.24 121179
626 526.736 1270488 50.24 121179
627 527.736 1272900 50.24 121179
628 528.736 1275312 50.24 121179
629 529.736 1277724 50.24 121179
630 530.736 1280136 50.24 121179
631 531.736 1282548 50.24 121179
632 532.736 1284960 50.24 121179
633 533.736 1287372 50.24 121179
634 534.736 1289784 50.24 121179
635 535.736 1292196 50.24 121179
636 536.736 1294608 50.24 121179
637 537.736 1297020 50.24 121179
638 538.736 1299432 50.24 121179
639 539.736 1301844 50.24 121179
640 540.736 1304256 50.24 121179
641 541.736 1306668 50.24 121179
642 542.736 1309080 50.24 121179
643 543.736 1311492 50.24 121179
644 544.736 1313904 50.24 121179
645 545.736 1316316 50.24 121179
646 546.736 1318728 50.24 121179
647 547.736 1321140 50.24 121179
648 548.736 1323552 50.24 121179
649 549.736 1325964 50.24 121179
650 550.736 1328376 50.24 121179
651 551.736 1330788 50.24 121179
652 552.736 1333200 50.24 121179
653 553.736 1335612 50.24 121179
654 554.736 1338024 50.24 121179
655 555.736 1340436 50.24 121179
656 556.736 1342848 50.24 121179
657 557.736 1345260 50.24 121179
658 558.736 1347672 50.24 121179
659 559.736 1350084 50.24 121179
660 560.736 1352496 50.24 121179
661 561.736 1354908 50.24 121179
662 562.736 1357320 50.24 121179
663 563.736 1359732 50.24 121179
664 564.736 1362144 50.24 121179
665 565.736 1364556 50.24 121179
666 566.736 1366968 50.24 121179
667 567.736 1369380 50.24 121179
668 568.736 1371792 50.24 121179
669 569.736 1374204 50.24 121179
670 570.736 1376616 50.24 121179
671 571.736 1379028 50.24 121179
672 572.736 1381440 50.24 121179
673 573.736 1383852 50.24 121179
674 574.736 1386264 50.24 121179
675 575.736 1388676 50.24 121179
676 576.736 1391088 50.24 121179
677 577.736 1393500 50.24 121179
678 578.736 1395912 50.24 121179
679 579.736 1398324 50.24 121179
680 580.736 1400736 50.24 121179
681 581.736 1403148 50.24 121179
682 582.736 1405560 50.24 121179
683 583.736 1407972 50.24 121179
684 584.736 1410384 50.24 121179
685 585.736 1412796 50.24 121179
686 586.736 1415208 50.24 121179
687 587.736 1417620 50.24 121179
688 588.736 1420032 50.24 121179
689 589.736 1422444 50.24 121179
690 590.736 1424856 50.24 121179
691 591.736 1427268 50.24 121179
692 592.736 1429680 50.24 121179
693 593.736 1432092 50.24 121179
694 594.736 1434504 50.24 121179
695 595.736 1436916 50.24 121179
696 596.736 1439328 50.24 121179
697 597.736 1441740 50.24 121179
698 598.736 1444152 50.24 121179
699 599.736 1446564 50.24 121179
700 600.736 1448976 50.24 121179
701 601.736 1451388 50.24 121179
702 174.221 420220 50.8159 122568
703 603.056 1454570 50.534 121888
704 604.056 1456982 50.534 121888
705 605.056 1459394 50.534 121888
706 606.056 1461806 50.534 121888
707 607.056 1464218 50.534 121888
708 608.056 1466630 50.534 121888
709 609.056 1469042 50.534 121888
710 610.056 1471454 50.534 121888
711 611.056 1473866 50.534 121888
712 612.056 1476278 50.534 121888
713 613.056 1478690 50.534 121888
714 614.056 1481102 50.534 121888
715 615.056 1483514 50.534 121888
716 616.056 1485926 50.534 121888
717 617.056 1488338 50.534 121888
718 618.056 1490750 50.534 121888
719 619.056 1493162 50.534 121888
720 620.056 1495574 50.534 121888
721 621.056 1497986 50.534 121888
722 622.056 1500398 50.534 121888
723 623.056 1502810 50.534 121888
724 624.056 1505222 50.534 121888
725 625.056 1507634 50.534 121888
726 626.056 1510046 50.534 121888
727 627.056 1512458 50.534 121888
728 628.056 1514870 50.534 121888
729 629.056 1517282 50.534 121888
730 630.056 1519694 50.534 121888
731 631.056 1522106 50.534 121888
732 632.056 1524518 50.534 121888
733 633.056 1526930 50.534 121888
734 634.056 1529342 50.534 121888
735 635.056 1531754 50.534 121888
736 636.056 1534166 50.534 121888
737 637.056 1536578 50.534 121888
738 638.056 1538990 50.534 121888
739 639.056 1541402 50.534 121888
740 640.056 1543814 50.534 121888
741 641.056 1546226 50.534 121888
742 642.056 1548638 50.534 121888
743 643.056 1551050 50.534 121888
744 644.056 1553462 50.534 121888
745 645.056 1555874 50.534 121888
746 646.056 1558286 50.534 121888
747 647.056 1560698 50.534 121888
748 648.056 1563110 50.534 121888
749 649.056 1565522 50.534 121888
750 650.056 1567934 50.534 121888
751 651.056 1570346 50.534 121888
752 652.056 1572758 50.534 121888
753 653.056 1575170 50.534 121888
754 654.056 1577582 50.534 121888
755 655.056 1579994 50.534 121888
756 656.056 1582406 50.534 121888
757 657.056 1584818 50.534 121888
758 658.056 1587230 50.534 121888
759 659.056 1589642 50.534 121888
760 660.056 1592054 50.534 121888
761 661.056 1594466 50.534 121888
762 662.056 1596878 50.534 121888
763 663.056 1599290 50.534 121888
764 664.056 1601702 50.534 121888
765 665.056 1604114 50.534 121888
766 666.056 1606526 50.534 121888
767 667.056 1608938 50.534 121888
768 668.056 1611350 50.534 121888
769 669.056 1613762 50.534 121888
770 670.056 1616174 50.534 121888
771 671.056 1618586 50.534 121888
772 672.056 1620998 50.534 121888
773 673.056 1623410 50.534 121888
774 674.056 1625822 50.534 121888
775 675.056 1628234 50.534 121888
776 676.056 1630646 50.534 121888
777 677.056 1633058 50.534 121888
778 678.056 1635470 50.534 121888
779 679.056 1637882 50.534 121888
780 680.056 1640294 50.534 121888
781 681.056 1642706 50.534 121888
782 682.056 1645118 50.534 121888
783 683.056 1647530 50.534 121888
784 684.056 1649942 50.534 121888
785 685.056 1652354 50.534 121888
786 686.056 1654766 50.534 121888
787 687.056 1657178 50.534 121888
788 688.056 1659590 50.534 121888
789 689.056 1662002 50.534 121888
790 690.056 1664414 50.534 121888
791 691.056 1666826 50.534 121888
792 692.056 1669238 50.534 121888
793 693.056 1671650 50.534 121888
794 694.056 1674062 50.534 121888
795 695.056 1676474 50.534 121888
796 696.056 1678886 50.534 121888
797 697.056 1681298 50.534 121888
798 698.056 1683710 50.534 121888
799 699.056 1686122 50.534 121888
800 700.056 1688534 50.534 121888
801 701.056 1690946 50.534 121888
802 702.056 1693358 50.534 121888
803 703.056 1695770 50.534 121888
804 704.056 1698182 50.534 121888
805 705.056 1700594 50.534 121888
806 706.056 1703006 50.534 121888
807 707.056 1705418 50.534 121888
808 708.056 1707830 50.534 121888
809 709.056 1710242 50.534 121888
810 710.056 1712654 50.534 121888
811 711.056 1715066 50.534 121888
812 712.056 1717478 50.534 121888
813 713.056 1719890 50.534 121888
814 714.056 1722302 50.534 121888
815 715.056 1724714 50.534 121888
816 716.056 1727126 50.534 121888
817 717.056 1729538 50.534 121888
818 718.056 1731950 50.534 121888
819 719.056 1734362 50.534 121888
820 720.056 1736774 50.534 121888
821 721.056 1739186 50.534 121888
822 722.056 1741598 50.534 121888
823 723.056 1744010 50.534 121888
824 724.056 1746422 50.534 121888
825 725.056 1748834 50.534 121888
826 726.056 1751246 50.534 121888
827 727.056 1753658 50.534 121888
828 728.056 1756070 50.534 121888
829 729.056 1758482 50.534 121888
830 730.056 1760894 50.534 121888
831 731.056 1763306 50.534 121888
832 732.056 1765718 50.534 121888
833 733.056 1768130 50.534 121888
834 734.056 1770542 50.534 121888
835 735.056 1772954 50.534 121888
836 736.056 1775366 50.534 121888
837 737.056 1777778 50.534 121888
838 738.056 1780190 50.534 121888
839 739.056 1782602 50.534 121888
840 740.056 1785014 50.534 121888
841 741.056 1787426 50.534 121888
842 742.056 1789838 50.534 121888
843 743.056 1792250 50.534 121888
844 744.056 1794662 50.534 121888
845 745.056 1797074 50.534 121888
846 746.056 1799486 50.534 121888
847 747.056 1801898 50.534 121888
848 748.056 1804310 50.534 121888
849 749.056 1806722 50.534 121888
850 750.056 1809134 50.534 121888
851 751.056 1811546 50.534 121888
852 752.056 1813958 50.534 121888
853 753.056 1816370 50.534 121888
854 754.056 1818782 50.534 121888
855 755.056 1821194 50.534 121888
856 756.056 1823606 50.534 121888
857 757.056 1826018 50.534 121888
858 758.056 1828430 50.534 121888
859 759.056 1830842 50.534 121888
860 760.056 1833254 50.534 121888
861 761.056 1835666 50.534 121888
862 762.056 1838078 50.534 121888
863 763.056 1840490 50.534 121888
864 764.056 1842902 50.534 121888
865 765.056 1845314 50.534 121888
866 766.056 1847726 50.534 121888
867 767.056 1850138 50.534 121888
868 768.056 1852550 50.534 121888
869 769.056 1854962 50.534 121888
870 770.056 1857374 50.534 121888
871 771.056 1859786 50.534 121888
872 772.056 1862198 50.534 121888
873 773.056 1864610 50.534 121888
874 774.056 1867022 50.534 121888
875 775.056 1869434 50.534 121888
876 776.056 1871846 50.534 121888
877 777.056 1874258 50.534 121888
878 778.056 1876670 50.534 121888
879 779.056 1879082 50.534 121888
880 780.056 1881494 50.534 121888
881 781.056 1883906 50.534 121888
882 782.056 1886318 50.534 121888
883 783.056 1888730 50.534 121888
884 784.056 1891142 50.534 121888
885 785.056 1893554 50.534 121888
886 786.056 1895966 50.534 121888
887 787.056 1898378 50.534 121888
888 788.056 1900790 50.534 121888
889 789.056 1903202 50.534 121888
890 790.056 1905614 50.534 121888
891 791.056 1908026 50.534 121888
892 792.056 1910438 50.534 121888
893 793.056 1912850 50.534 121888
894 794.056 1915262 50.534 121888
895 795.056 1917674 50.534 121888
896 796.056 1920086 50.534 121888
897 797.056 1922498 50.534 121888
898 798.056 1924910 50.534 121888
899 799.056 1927322 50.534 121888
900 800.056 1929734 50.534 121888
901 801.056 1932146 50.534 121888
902 802.056 1934558 50.534 121888
903 803.056 1936970 50.534 121888
904 804.056 1939382 50.534 121888
905 805.056 1941794 50.534 121888
906 806.056 1944206 50.534 121888
907 807.056 1946618 50.534 121888
908 808.056 1949030 50.534 121888
909 809.056 1951442 50.534 121888
910 810.056 1953854 50.534 121888
911 811.056 1956266 50.534 121888
912 812.056 1958678 50.534 121888
913 813.056 1961090 50.534 121888
914 814.056 1963502 50.534 121888
915 815.056 1965914 50.534 121888
916 816.056 1968326 50.534 121888
917 817.056 1970738 50.534 121888
918 818.056 1973150 50.534 121888
919 819.056 1975562 50.534 121888
920 820.056 1977974 50.534 121888
921 821.056 1980386 50.534 121888
922 822.056 1982798 50.534 121888
923 823.056 1985210 50.534 121888
924 824.056 1987622 50.534 121888
925 825.056 1990034 50.534 121888
926 826.056 1992446 50.534 121888
927 827.056 1994858 50.534 121888
928 828.056 1997270 50.534 121888
929 829.056 1999682 50.534 121888
930 830.056 2002094 50.534 121888
931 831.056 2004506 50.534 121888
932 832.056 2006918 50.534 121888
933 833.056 2009330 50.534 121888
934 834.056 2011742 50.534 121888
935 835.056 2014154 50.534 121888
936 836.056 2016566 50.534 121888
937 837.056 2018978 50.534 121888
938 838.056 2021390 50.534 121888
939 839.056 2023802 50.534 121888
940 840.056 2026214 50.534 121888
941 841.056 2028626 50.534 121888
942 842.056 2031038 50.534 121888
943 843.056 2033450 50.534 121888
944 844.056 2035862 50.534 121888
945 845.056 2038274 50.534 121888
946 846.056 2040686 50.534 121888
947 847.056 2043098 50.534 121888
948 848.056 2045510 50.534 121888
949 849.056 2047922 50.534 121888
950 850.056 2050334 50.534 121888
951 851.056 2052746 50.534 121888
952 852.056 2055158 50.534 121888
953 853.056 2057570 50.534 121888
954 854.056 2059982 50.534 121888
955 855.056 2062394 50.534 121888
956 856.056 2064806 50.534 121888
957 857.056 2067218 50.534 121888
958 858.056 2069630 50.534 121888
959 859.056 2072042 50.534 121888
960 860.056 2074454 50.534 121888
961 861.056 2076866 50.534 121888
962 862.056 2079278 50.534 121888
963 863.056 2081690 50.534 121888
964 864.056 2084102 50.534 121888
965 865.056 2086514 50.534 121888
966 866.056 2088926 50.534 121888
967 867.056 2091338 50.534 121888
968 868.056 2093750 50.534 121888
969 869.056 2096162 50.534 121888
970 870.056 2098574 50.534 121888
971 871.056 2100986 50.534 121888
972 872.056 2103398 50.534 121888
973 873.056 2105810 50.534 121888
974 874.056 2108222 50.534 121888
975 875.056 2110634 50.534 121888
976 876.056 2113046 50.534 121888
977 877.056 2115458 50.534 121888
978 878.056 2117870 50.534 121888
979 879.056 2120282 50.534 121888
980 880.056 2122694 50.534 121888
981 881.056 2125106 50.534 121888
982 882.056 2127518 50.534 121888
983 883.056 2129930 50.534 121888
984 884.056 2132342 50.534 121888
985 885.056 2134754 50.534 121888
986 886.056 2137166 50.534 121888
987 887.056 2139578 50.534 121888
988 888.056 2141990 50.534 121888
989 889.056 2144402 50.534 121888
990 890.056 2146814 50.534 121888
991 891.056 2149226 50.534 121888
992 892.056 2151638 50.534 121888
993 893.056 2154050 50.534 121888
994 894.056 2156462 50.534 121888
995 895.056 2158874 50.534 121888
996 896.056 2161286 50.534 121888
997 897.056 2163698 50.534 121888
998 898.056 2166110 50.534 121888
999 899.056 2168522 50.534 121888
